Starting Dynare (version 6.4).
Calling Dynare with arguments: none
Starting preprocessing of the model file ...
Found 11 equation(s).
Evaluating expressions...
Computing static model derivatives (order 1).
Normalizing the static model...
Finding the optimal block decomposition of the static model...
3 block(s) found:
  2 recursive block(s) and 1 simultaneous block(s).
  the largest simultaneous block has 9 equation(s)
                                 and 9 feedback variable(s).
Computing dynamic model derivatives (order 2).
Normalizing the dynamic model...
Finding the optimal block decomposition of the dynamic model...
2 block(s) found:
  1 recursive block(s) and 1 simultaneous block(s).
  the largest simultaneous block has 10 equation(s)
                                 and 8 feedback variable(s).
Preprocessing completed.
Preprocessing time: 0h00m00s.

STEADY-STATE RESULTS:

Y  		 0
I  		 0
C  		 0
R  		 0
K  		 0
W  		 0
L  		 0
MC 		 0
P  		 0
PI 		 0
A  		 0

EIGENVALUES:
         Modulus             Real        Imaginary
            0.75             0.75                0
            0.95             0.95                0
          0.9546           0.9546                0
           1.253            1.253                0
           1.354            1.354                0
       1.836e+16       -1.836e+16                0
             Inf              Inf                0

There are 4 eigenvalue(s) larger than 1 in modulus for 4 forward-looking variable(s)
The rank condition is verified.

MODEL_DIAGNOSTICS:  No obvious problems with this mod-file were detected.

Information about NewKeynesian (dynamic model)

The following variables appear with a lag and are therefore states:
K(-1)
P(-1)
A(-1)

The following variables appear with a lead and are therefore forward-looking variables:
C(1)
R(1)
P(1)
PI(1)

The following variables do not appear with a lead or lag and are therefore purely static variables:
Y
I
W
L
MC


MODEL SUMMARY

  Number of variables:         11
  Number of stochastic shocks: 1
  Number of state variables:   3
  Number of jumpers:           4
  Number of static variables:  5


MATRIX OF COVARIANCE OF EXOGENOUS SHOCKS
Variables           e
e            0.000100

POLICY AND TRANSITION FUNCTIONS
                                   Y               I               C               R               K               W               L              MC               P              PI               A
K(-1)                       0.254678       -0.815106        0.310651       -0.745322        0.954622        0.401327       -0.146650               0               0               0               0
A(-1)                       0.858619        5.705026        0.605043        0.858619        0.142626        0.999205       -0.140587               0               0               0        0.950000
P(-1)                      -0.224858       -3.471024       -0.055010       -0.224858       -0.086776        0.121077       -0.345935               0        0.750000       -0.250000               0
e                           0.903809        6.005291        0.636887        0.903809        0.150132        1.051795       -0.147986               0               0               0        1.000000


THEORETICAL MOMENTS
VARIABLE         MEAN  STD. DEV.   VARIANCE
Y              0.0000     0.0437     0.0019
I              0.0000     0.1586     0.0252
C              0.0000     0.0394     0.0016
R              0.0000     0.0411     0.0017
K              0.0000     0.0731     0.0053
W              0.0000     0.0576     0.0033
L              0.0000     0.0143     0.0002
MC             0.0000     0.0000     0.0000
P              0.0000     0.0000     0.0000
PI             0.0000     0.0000     0.0000
A              0.0000     0.0320     0.0010



MATRIX OF CORRELATIONS
Variables          Y        I        C        R        K        W        L        A
Y             1.0000   0.8235   0.9928  -0.4863   0.8940   0.9979  -0.9649   0.9489
I             0.8235   1.0000   0.7499   0.0952   0.4820   0.7847  -0.6455   0.9605
C             0.9928   0.7499   1.0000  -0.5872   0.9411   0.9985  -0.9893   0.9043
R            -0.4863   0.0952  -0.5872   1.0000  -0.8263  -0.5423   0.6988  -0.1855
K             0.8940   0.4820   0.9411  -0.8263   1.0000   0.9214  -0.9803   0.7068
W             0.9979   0.7847   0.9985  -0.5423   0.9214   1.0000  -0.9800   0.9262
L            -0.9649  -0.6455  -0.9893   0.6988  -0.9803  -0.9800   1.0000  -0.8326
A             0.9489   0.9605   0.9043  -0.1855   0.7068   0.9262  -0.8326   1.0000



COEFFICIENTS OF AUTOCORRELATION
Order          1       2       3       4       5
Y         0.9783  0.9564  0.9344  0.9123  0.8902
I         0.9255  0.8558  0.7907  0.7299  0.6730
C         0.9867  0.9725  0.9573  0.9414  0.9249
R         0.9714  0.9433  0.9156  0.8885  0.8619
K         0.9988  0.9955  0.9902  0.9831  0.9745
W         0.9831  0.9656  0.9475  0.9290  0.9100
L         0.9943  0.9869  0.9779  0.9676  0.9560
A         0.9500  0.9025  0.8574  0.8145  0.7738
Total computing time : 0h00m02s
